22844
1122507
1191546
1112996
22803
22839
22883
1746388
22855
22876
22871
1743880
22862
1178526
1071308
22813
22832
22849
1288905
22837
22865
22880
22873
22809
1580536
22835
1205524
1275821
22870
22861
58309
1136585
22804
22850
1216402
22882
22874
22816
22875
22840
22823
1223753
1293795
1620829
22813
22871
22844
22840
22804
22837
22839
22873
22874
22849
22882
22835
22861
22865
22816
22803
22850
22855
22823
22875
22880
22870
22809
22876
58309
22832
22883
31993
27589
31256
54797
57858
44840
56576
28381
58274
51639
29808
54226
28507
56415
21476
32764
38228
33829
32560
22844
1122507
1191546
1112996
22803
22839
22883
1746388
22855
22876
22871
1743880
22862
1178526
1071308
22813
22832
22849
1288905
22837
22865
22880
22873
22809
1580536
22835
1205524
1275821
22870
22861
58309
1136585
22804
22850
1216402
22882
22874
22816
22875
22840
22823
1223753
1293795
1620829
1723894
1727135
1730317
1730112
1705758
1720892
1711905
1695127
1721001
1721161
1695144
1730269
1705834
1720965
1700207
1708922
1720954
1721637
1721306
1726218
1710481
1693637
1705753
1721017
1695688
1122507
1703148
1706911
1706097
1730735
1695244
1708307
1712516
1730976
1705985
1698503
1719695
1696886
1721036
1700133
1724342
1698506
1709170
1709524
1718221
1715850
1717636
1112996
1707332
1705699
1719653
1707061
1695026
1716773
1705670
1715981
1716412
1721572
1721380
1724644
1717677
1719770
1722519
1694777
1715589
1700552
1694704
1719717
1720655
1716186
1707055
1700177
1721027
1697279
1705789
1698492
1698071
1707259
1718211
1719666
1714450
1702769
1730307
1717988
1719610
1716381
1696911
1746388
1720293
1705703
1713655
1720154
22855
1698628
1716287
1698534
22876
1692949
1698623
1721409
1708818
1697142
1743880
1719866
1697208
1700128
1730847
1721415
1719863
1703074
1708938
1694993
1178526
1699813
1725115
1709369
1697183
1716267
1723097
1721461
1695610
1707263
1071308
1707261
22813
1716367
1705690
1694737
1696994
1720983
1720818
1716130
1717681
1706029
1706928
1721125
22849
1721726
1711190
1695634
1713658
1707161
1721536
1705713
1694870
1705820
1693816
1721132
1700055
1730814
1730031
1721358
1721603
1708809
1705851
1700212
1695619
1697020
1721646
1699991
1720103
1708926
1706174
22837
1708992
1719505
1699893
1721290
1713668
1694783
1697898
1711608
1721439
22865
1706201
22880
1693630
1697275
1707245
1706932
1719516
1713753
1696425
1726670
1730613
1698626
1706292
1696859
1721586
1713221
1713846
1695646
1708723
1694801
1705711
1729895
1694921
1716065
1700158
1708856
1721644
1708797
1694883
1720137
1717933
1725164
1700017
1719929
1721531
1702984
1708813
1719886
1693698
1719600
1708778
1695288
1720864
1720048
1729961
1706971
1717702
1710537
1716312
1698481
1709132
1695148
1727134
1705764
1705761
1706894
1724375
1721220
1708734
1713760
1715510
1708754
1705872
1716336
1720974
1694970
1716572
1695245
1720247
1717804
1721424
1700230
22870
1719019
1709854
1698005
1713693
1698614
1698578
1695229
1697799
1695277
1711100
1705880
1700203
1707269
1695269
1721106
1720049
1708973
1716476
1699968
58309
1136585
1716318
1709021
1708942
1711595
1695661
1730412
1707040
1705684
1699158
1697146
1713831
1729809
1710562
1697815
1707236
1713788
1721476
1717860
1696891
1712339
1710536
1696930
1720916
1697278
1718144
1706393
1720089
1708976
1697217
1695184
1720176
1696967
1705174
1708963
1719855
1719603
1707240
1721005
1730763
1695643
1719619
1730821
1719902
1708116
1706950
1709023
1697806
1702481
1713767
1730843
1712040
1727175
1719503
1695378
1724387
1707156
1729820
1699931
1707814
1700064
1713720
1695262
1721504
1700214
1713781
1730848
1707175
1695281
1730420
1717992
22825
1720828
1706939
1694825
1720923
1699843
1693798
1702841
22874
1698603
1695284
22816
1699913
1720844
1698485
1709010
1724254
1708969
1721158
1707312
1719680
1695024
1703173
1699972
1730022
1708916
1708877
1716332
1719578
1716041
22875
1722451
1717544
1720937
1716237
1697124
1716352
1696935
1720846
1700228
1698518
1719924
1705687
1716568
1696350
1721767
22840
1717715
1694924
1721229
1706083
22823
1711906
1717695
1705723
1705876
1716083
1706792
1721153
1721373
1730098
1718217
1693038
1694689
1720025
1698474
1700038
1721589
1718978
1699954
1707294
1730093
1694119
1720559
1730398
1719674
1721232
1716037
1720080
1708980
1707142
1719861
1694973
1724245
1713749
1698612
1700121
48201
48156
1698005
48152
56154
56033
36733
47991
48307
56576
56770
1706201
57435
57464
57615
48356
1697183
1716267
1730317
54754
22825
22809
22882
22883
22804
22880
22816
22850
22855
22876
22849
22837
22871
22874
22823
22875
22813
22870
58309
22844
22840
22832
22839
22873
22803
22865
22861
22835
22809
22849
22855
1746388
22883
22870
1580536
1288905
22832
1122507
22803
22875
22813
22823
22804
22839
1178526
1293795
1205524
22876
22837
22880
1136585
22874
22865
22850
1620829
22835
22871
1071308
58309
22844
22840
22862
1216402
1112996
1743880
22873
22861
22882
22816
1275821
1191546
1223753
48356
54754
48152
56576
57615
1730317
56154
1698005
48201
57435
22825
1706201
47991
36733
48156
1697183
57464
56033
1716267
56770
48307
48356
54754
48152
56576
57615
1730317
56154
1698005
48201
57435
22825
1706201
47991
36733
48156
1697183
57464
56033
1716267
56770
48307
48156
31993
27589
54797
57435
56154
48356
54226
47772
55700
48201
57858
56576
28507
21476
47735
57464
47883
56415
57484
55056
47972
56033
54754
31256
48307
58274
32764
48061
56770
36733
33829
48152
57615
28381
47991
48199
56212
48210
48758
48271
32560
29808
38228
47735
48201
48156
48758
48152
57484
56154
56033
48199
47883
47991
48307
56770
55056
56212
57435
57615
47772
48271
48210
47972
48061
54754
55700
36733
57464
48356
1122507
1191546
1580536
1112996
1743880
1506560
22862
1216402
1205524
1224734
1293795
1746388
1178526
1288905
1071308
1275821
1620829
1136585
1223753
48156
31993
27589
54797
57435
56154
48356
54226
47772
55700
48201
57858
56576
28507
21476
47735
57464
47883
56415
57484
55056
47972
56033
54754
31256
48307
58274
32764
48061
56770
36733
33829
48152
57615
28381
47991
48199
56212
48210
48758
48271
32560
29808
38228
423514
423898
426664
422825
425537
423046
426482
426553
423080
423119
426633
424822
425554
423068
424716
426097
423064
423239
423155
423809
426253
424825
425536
423084
422336
31993
425307
425828
425636
422130
426721
426023
426653
423895
425619
424524
422694
424216
423089
424691
423545
424525
426132
426170
422495
422079
422390
54797
425918
425521
422680
425860
426458
422291
425513
422090
422192
423224
423178
423581
422396
422713
423423
426230
422044
424729
426209
422699
423022
422145
425854
424708
423086
424305
425545
424520
424428
425902
422493
422685
427041
424977
426261
422473
422663
422175
424221
54226
422887
425523
426749
422854
47772
424566
422160
424532
55700
426227
424563
423186
426069
424275
57858
422746
424291
424689
423144
423187
422745
425253
426102
426425
28507
424613
423641
426156
424283
422158
423455
423202
422086
425905
21476
425904
47735
422174
425518
426218
424246
423073
423029
422132
422398
425625
425832
423111
47883
423264
426389
422113
426752
425881
423215
425525
426317
425550
424943
423112
424666
422720
422164
423173
423230
426066
425559
424718
422095
424256
423243
424649
422842
426098
425655
57484
426115
422626
424626
423150
426755
426231
424373
426453
423197
55056
425671
47972
424824
424301
425899
425834
422631
426832
423791
423859
426105
424565
425680
424210
423227
426722
426876
422143
426042
426236
425524
424679
426338
422116
424695
426077
423241
426064
426323
422850
422466
423645
424656
422783
423214
425213
426068
422754
424873
422660
426058
426742
423040
422817
426122
425843
422404
426268
422165
424516
426129
426636
423897
425539
425538
425825
423548
423132
426045
426834
427227
426051
425565
422170
423070
426411
422244
426723
422881
422446
423189
424723
48061
422566
426207
424408
426764
424559
424547
426717
424336
426739
426360
425570
424715
425908
426733
423107
422818
426110
422217
424643
57714
33829
422167
426125
426103
426451
422178
424472
425849
425516
424578
424276
426856
426210
426269
424343
425896
426844
423204
422453
424217
426630
426263
424231
423052
424303
422483
425745
422837
426111
424293
426666
422862
424239
425481
426107
422740
422661
425897
423081
422418
422134
422667
422839
422776
425984
425839
426126
424340
424874
426837
423078
426496
423919
422625
427038
423550
425877
422084
424637
425964
424668
426775
426731
423209
424719
426843
423148
425885
426740
424494
422474
48237
423031
425836
426246
423055
424619
424925
425170
48199
424554
426741
56212
424633
423035
424517
426120
423537
426109
423118
425913
422691
426456
425336
424645
422142
426095
426084
422169
422651
422105
48210
423404
422372
423059
422152
424273
422172
424232
423036
424722
424528
422782
425517
422242
423678
423268
48758
422416
426344
423136
425632
48271
426485
422402
425527
425569
422127
425824
423117
423176
422654
422494
422114
426203
422811
424514
424663
423228
422558
424638
425911
422610
425477
422999
424347
422687
423137
422104
422831
426112
425868
422743
426413
423536
426821
424558
424687
22871
22844
424408
22804
22839
22873
57714
22882
22835
22862
22861
425671
22803
22832
22850
22883
424283
422158
426664
22809
48237
54754
47991
48356
48152
47972
56212
57615
47772
55700
47883
57484
48201
48199
48271
48210
47735
48061
36733
48156
48758
57464
56154
56033
57435
55056
56770
48307
54754
47883
47772
54226
48356
48061
31256
56415
57464
31993
57435
48210
47735
48271
48152
56154
28507
29808
58274
55700
57484
47972
33829
48199
55056
57615
38228
48307
48201
21476
36733
48156
48758
56576
28381
54797
57858
56033
56770
47991
56212
32764
27589
32560
22883
22809
22804
22862
22850
426664
22839
424408
22871
22803
48237
425671
22882
57714
22844
424283
22832
22873
422158
22861
22835
22883
22809
22804
22862
22850
426664
22839
424408
22871
22803
48237
425671
22882
57714
22844
424283
22832
22873
422158
22861
22835
