10037
10038
10055
10082
10101
10104
10127
10129
10140
10148
10154
10161
10162
10176
10209
10213
10226
10231
10236
10249
10250
10255
10262
10272
10277
10281
1029
10303
10326
10342
10374
10377
10390
10401
10403
10412
10445
10456
10457
10571
10586
10592
106
10603
10610
1064
10644
10658
10671
1068
10684
10718
10739
10753
10790
10797
10800
10809
10823
10841
10855
10860
10864
10888
10923
10932
10949
10950
10954
10960
10968
10972
10974
10982
10988
11020
11023
11030
11048
11093
11094
11096
11115
11124
11181
11192
11211
11230
11239
11248
11257
11261
11334
11340
11354
11379
11383
11384
11439
11442
11470
11477
11480
11483
11502
11544
11560
11565
11581
11665
11667
1168
11686
11699
11707
11721
11742
11763
11778
11812
11815
11820
11827
11829
11832
11864
11874
11875
11878
11881
11887
11932
11939
11948
11975
11996
12022
12023
12024
12032
12036
12038
12063
12065
12071
12081
12082
12096
12115
12138
12142
12183
12191
12219
12257
12277
12339
12342
12344
12348
12367
12379
12385
12394
12397
12401
12410
12418
12419
12425
12434
12462
12473
12488
1250
12519
12539
12544
12551
12576
12579
12592
12611
12614
12622
12631
12639
12663
12680
12721
12751
12756
12771
12772
12801
12809
12838
12840
12862
12875
1288
12886
12894
12918
12927
12937
12960
12992
13008
13032
13053
13063
13068
13104
13110
13141
13150
13154
13159
13224
13253
13254
13269
13338
13342
13365
13377
13380
13400
13426
13445
13451
13470
13483
13492
13495
13521
13525
13526
13530
13532
13557
13584
1360
13619
13632
13639
13642
13651
13655
1368
13688
13689
13700
13706
13712
13715
13723
13750
13759
13766
13781
13799
13812
13813
1382
13821
1383
13838
13842
13853
13860
13861
13863
13866
13869
13878
1389
13893
13904
13910
1392
13932
13940
13969
13978
14012
14016
14017
14042
14051
14082
14092
1410
14125
14150
14168
1417
14177
142
14241
14257
14263
14274
14286
14318
14325
14326
14376
14392
14424
14473
14479
14484
14489
14491
14494
14496
14520
14539
14543
14600
14612
14627
14634
1464
14667
14708
14755
14757
14787
14789
14813
14821
14826
14829
14831
14845
14857
14874
14880
14886
14902
14943
14964
14970
14971
15
15037
15082
15083
15085
15104
15119
15141
15152
15158
15167
15172
15192
15203
15260
15267
15291
15296
153
15300
15306
15312
15346
15349
15353
15354
15384
15386
15433
15435
15444
15542
15547
15561
15562
1557
15590
15596
15619
15626
15635
15642
15645
15670
15696
15703
15720
15723
15724
15725
15729
15737
15748
15776
15778
15787
15792
15817
15824
15829
15833
15838
15842
15856
1586
15860
15869
15870
15872
15874
15933
15973
15974
16018
16029
16037
16051
16056
16061
16064
16069
1608
16080
16099
16100
16108
16114
1612
16123
16128
1613
1614
16161
16175
16232
16250
16251
16252
16261
16272
16273
16282
1629
16305
16307
16327
16330
16337
16348
16375
16406
1641
16432
16447
16469
16481
16482
16520
1653
16544
16550
1657
16579
16585
16591
16654
16673
16677
16692
16699
1671
16726
16766
16771
16780
16782
16783
168
16814
16896
16942
16948
16949
16966
16982
1704
17053
17068
17079
17128
17131
17134
17137
17143
17152
17157
17197
17210
17213
17222
17305
17325
17328
17343
17351
17374
17387
17418
17421
17423
1745
17451
17464
17482
17527
17537
17538
1755
17564
17593
17617
17619
17625
17629
17640
17698
17700
17711
17715
17741
1781
17864
17875
17876
17878
17882
17883
17894
17905
17907
17932
17963
17982
17983
17994
18008
18012
18015
18024
18027
18031
1804
18041
18049
18081
18121
18126
18134
18140
18151
18155
18164
18166
18186
18211
18224
18238
18243
18267
18273
18280
18289
18316
18318
18343
18346
18358
18365
18373
18374
18377
18403
18414
18420
18432
18477
18502
18513
18523
1853
18548
18568
18571
18575
18638
18642
18660
18667
18670
18683
18733
18740
18769
18773
18774
18794
18798
18804
18810
18830
1885
18861
18872
1889
18914
18925
18949
18957
18960
18962
18964
18975
18991
1903
19059
19060
19064
19081
19093
19112
19115
19126
19136
19158
19174
19175
19189
19190
1921
19227
19238
19239
19242
19246
19263
19264
19269
19307
19355
19397
19402
19493
19499
19548
19552
19556
1961
19610
19617
19622
19644
19663
19672
19673
19762
19780
19783
19801
19862
19893
1996
19966
19990
20015
20023
20044
20045
20101
20107
20130
20141
20152
20189
20193
20196
20201
20209
20219
20222
20230
20253
20278
20282
20293
20295
20298
20310
20315
20339
20341
2035
20362
20400
20408
20409
20422
2044
2046
20474
20488
2054
20583
20595
20613
20618
20625
20627
20655
20664
20691
20703
20721
20723
20727
20735
20739
20746
2075
20753
20756
20776
20811
20816
20838
20845
2085
20905
20912
20924
20932
20955
20967
20969
20977
20980
21008
21009
21013
21034
21042
2106
21062
21073
21076
21078
21103
21117
21136
21146
21160
21162
21173
21180
21185
21209
21234
21241
21242
21249
21250
21251
21261
21262
21267
21273
21289
2129
21292
2135
21350
21353
21372
21373
2139
21391
21417
2144
21443
21450
21472
21474
21480
2149
21510
21514
21571
21589
2161
21627
21634
21643
21651
21669
21689
21699
21700
21709
2171
21717
21779
21798
21805
21827
2184
21858
21888
21893
2194
21959
21960
21976
2199
22003
22017
22027
22048
22051
22073
22082
22097
22123
22147
22213
22225
22237
22277
2230
22310
22328
22331
22338
22362
22398
22410
22426
22465
22476
22477
22479
2248
22502
22523
22528
2254
22570
22572
22583
22591
22619
22629
22630
22633
22648
22651
22666
22668
22678
2270
22712
22743
22771
22772
22776
22782
22784
22785
22791
22792
22793
22796
2280
22805
22810
22814
22819
22820
2283
22833
22834
22842
2285
22852
22853
22857
22858
22868
22872
22877
22879
22881
22885
22890
22898
229
22901
22903
22905
22906
22907
22915
22916
22920
22923
22944
22954
22956
22981
2299
22990
23
23010
2303
23032
23034
23035
23044
23059
23083
23109
23149
23154
23165
23172
23181
23212
23215
2322
23236
23241
23260
23278
23297
23313
23315
23321
23329
23342
23360
23361
23370
23378
23386
23421
23437
23438
23442
23472
23475
23477
23479
23481
23482
23483
23485
23505
23538
23550
23557
23558
23565
23572
23600
23601
23605
23636
23661
23681
23683
23712
23733
23735
23737
23740
23748
23750
23752
23763
23765
23770
23775
23800
23804
23806
23845
23886
23890
23891
23892
23902
2391
23922
2393
23941
23946
23950
23957
23964
23967
23984
23989
23997
24000
24010
24034
24039
24042
24052
24063
24065
24066
24072
24083
24092
24097
24104
24108
24109
24113
24114
24133
24170
24177
24178
24182
24184
24195
24197
242
24202
24203
24218
24232
24234
24240
24243
24244
24250
24258
24261
24301
24307
24318
24319
2432
24329
24331
24341
24347
24367
24370
24385
2439
24401
24434
24439
24447
24461
24472
24486
24496
24502
24526
24536
24540
24541
24549
24593
24610
24620
24625
24663
24674
24684
24688
24692
24698
24703
24710
2472
24724
24744
24749
2476
24770
24790
24801
24805
2481
24829
24833
24846
24858
24872
24892
24908
24917
24919
24937
24939
24940
24944
24958
24989
25001
25003
25005
2501
2503
25056
25076
25085
25089
2509
25105
2511
25128
25131
25144
25154
2516
25163
25201
25238
25242
25245
25257
25289
25292
25316
25333
25339
25345
25346
25352
25354
25373
25382
25383
25386
25389
2539
25390
25391
25392
25396
25405
25423
25426
25431
25435
25437
25440
2547
25474
25506
25529
25530
25532
25534
25540
25546
25554
25587
25625
25628
25633
25649
25652
25661
25668
25671
25672
25675
25677
25679
25695
25699
25705
2571
2574
25748
2575
25762
25766
25776
2578
25807
25826
25844
25848
25866
25872
25876
2588
25890
25923
25948
25965
25972
25999
26004
26023
26028
26040
26054
26071
26108
26112
26116
26139
26143
26146
26149
26158
26159
26164
26173
26180
26182
26183
26196
26210
26218
26231
26242
26243
26298
2631
26315
26322
26326
26328
26338
26359
26361
2637
26371
26395
26405
26428
26434
26438
26439
26443
26472
26478
26485
26497
26505
26508
26509
26516
26520
26524
26525
26531
26542
26547
26548
26563
26565
26572
26580
26581
26594
26604
26606
26614
26624
26640
26657
26681
26697
26712
26740
26746
26760
26763
26777
26779
26780
26798
268
26815
26821
26833
26839
26847
26865
26872
26931
26947
26950
2698
26987
27013
27045
27064
27092
271
27103
27126
2713
27153
2719
27195
27200
27208
27213
27229
27304
27334
27342
27369
27380
27384
27404
27411
27428
27435
27436
27465
27468
27470
27475
2753
2754
27570
27600
2763
2764
27641
2766
27678
2774
2775
2777
27770
27784
27832
27855
27875
27877
2788
27908
27921
27924
27925
27949
27957
27958
28
28004
28012
28034
28081
28096
28103
28128
28156
28189
28197
28243
28251
28269
28338
28361
28365
28367
28378
28400
28405
28436
28459
28460
28496
2850
28517
28529
28550
28583
28597
2860
28601
28630
28656
28680
28687
28737
28739
28750
28764
28766
28803
28819
28837
28845
28848
28859
2890
28927
28939
29010
29021
29074
29091
29127
29132
29137
29148
29254
29272
29273
2928
29301
29312
29318
2932
29349
29383
29395
29413
29419
29439
29451
29452
29463
2947
29482
29487
29498
295
29528
29575
29628
29634
29680
29698
29726
29733
29743
29770
29773
2979
29796
29820
29836
29857
29877
29888
29923
29928
29931
29944
29950
29959
29993
30027
30040
30069
30072
30081
30085
30104
30112
30117
30118
30159
30166
30212
30259
3027
30274
30290
30293
30296
30302
30369
30379
30382
30400
30405
30407
30412
30449
30465
30468
30505
30510
30513
30542
30545
30546
30569
30571
30577
30589
30592
30603
30625
3064
30650
30659
30661
30670
30704
3072
30723
30746
30768
3079
30806
30808
30828
30855
30857
30874
30922
30928
30929
30947
30957
3097
30978
30994
31020
31021
31031
31072
31078
31080
31102
31114
31134
31143
3119
31194
31197
31212
31237
3124
31240
31255
31257
31266
31285
31313
31316
31330
31341
31357
31360
31361
3138
31390
31393
31413
31436
31442
31512
31529
31563
31642
31645
31673
3168
31690
31696
31707
3175
31757
31786
31791
31792
31799
3180
3181
31827
31837
3184
31846
31855
31918
31925
31932
31939
31963
31966
31971
31988
320
32005
32017
3205
32065
3213
32139
32140
32142
32185
32198
32219
32245
32264
32268
3229
32322
32323
32326
3233
32332
32352
32353
32389
32444
32459
32496
32498
3250
32526
3253
32545
32553
32580
32597
32603
32630
32636
3269
32743
32756
32780
32804
32805
32813
32826
32854
32885
32891
32897
32899
32938
32955
32972
33018
3303
33039
3304
33061
33062
33077
33111
33173
33187
33189
33212
33238
33251
33255
33271
33273
33283
3329
3330
33304
33316
33326
33333
33369
33381
33382
33406
33422
3345
33518
33534
33557
33560
33566
33567
33573
33601
33623
33626
33652
33665
3367
33691
33699
337
33705
33748
33790
3381
33823
3388
33880
33883
33887
33900
33915
33926
33937
33941
33952
340
34003
34023
34050
34081
34153
3417
34176
34195
34218
34233
34241
34256
34264
3427
34341
34347
34351
34352
34357
34362
34400
34407
34411
34422
34431
34494
34522
34530
34637
34642
34696
34702
34713
3474
34759
34773
34807
34841
34901
34903
34928
34933
34951
34957
34967
35015
35048
35076
35090
35119
35152
35185
35189
35192
35217
35222
35244
35254
35255
35293
35300
35303
35315
35316
35319
3532
35430
35458
35461
35491
35509
35524
35528
35540
35542
35549
35569
35586
3560
35606
35617
35667
35677
35682
35701
35731
35737
35741
35768
35802
35822
35841
35845
35855
3586
35869
35875
35883
35889
35894
35898
35917
3598
35989
36014
36019
36023
36046
36047
36048
36052
36053
36054
36057
36059
36074
36086
36090
36091
36094
3610
36110
36111
36119
36126
36143
36157
36161
36189
36194
36217
36233
36267
36301
36315
36319
36328
3634
36342
36346
36347
3635
36356
36383
36404
36423
36439
36444
36457
36464
36488
36494
36523
36527
36534
36546
36585
36609
36615
36621
36625
36639
36683
36708
3671
36715
36736
36762
36770
36777
36782
36789
3679
36804
36837
36859
36894
36909
36946
36956
3696
36960
36963
36966
37057
37063
37070
37083
37101
37110
37114
37148
37161
37177
37182
37199
37238
37255
37261
37262
37277
3728
37284
3730
37317
37356
37361
3737
37387
374
37400
37402
37425
3745
37484
37487
3749
37506
3753
37569
37596
37625
37636
37641
37657
3766
37661
3770
37736
37748
3779
37817
37828
37837
37842
37844
37860
37872
37893
37914
37946
37979
38001
38026
38032
38042
38071
38090
38117
38157
38167
38174
38179
3818
38203
38218
38231
3824
38266
38270
38278
38293
38327
38336
38358
38365
38382
38383
38394
38401
38430
38433
38439
38443
38452
38468
38471
38486
38489
3851
38528
38544
38553
38556
38563
38569
38570
38604
38642
38645
38646
38648
38653
38666
3870
38700
38703
38719
38738
38781
38783
38814
38816
38823
38867
38925
38948
38970
38972
38973
38975
38976
38977
38979
38991
39002
39034
3904
3907
39072
3908
39086
39093
39112
3914
39182
39183
39195
39198
39200
3921
39275
39296
39299
39300
39326
39348
39353
39396
39399
39460
39466
39473
39540
39550
39578
39591
39596
39646
39658
39667
39676
39677
39685
39747
39756
39757
3976
39778
39800
39818
3986
39867
39889
39906
39942
39944
39954
3996
40
40013
40036
4004
40043
40053
40077
40084
40097
40115
40129
40132
4015
40151
40152
40157
40167
40193
40221
40222
4023
40272
4028
40285
40307
4031
4032
40381
40383
40391
40398
40416
40453
40463
40484
40488
40496
4051
4054
40550
40555
4056
40564
40565
40584
4060
40624
40663
40672
40676
40727
40737
40744
40749
40754
40756
40760
40775
40788
40825
40891
40894
40922
41056
41088
411
41137
41167
41170
4118
41205
4122
41253
4127
41288
41290
41298
41301
41302
41317
41330
41341
41366
41369
41393
41395
41407
41417
41425
41432
41452
41459
41485
4151
41524
41570
41576
41612
41620
4164
41654
41662
41676
41678
41683
41693
41729
41732
41741
41751
41809
41840
41856
41874
41879
41896
41906
41927
4194
41950
41951
41986
4199
42060
42068
42078
42101
42107
42119
42122
4218
42182
42200
42209
42215
42238
42265
42298
42309
42323
42349
42353
42387
42398
4240
42408
42411
42415
42420
42426
42429
4245
42459
42467
42470
42475
4249
42490
42491
42493
42495
42502
42507
42518
42530
42531
42536
42569
426
42604
42616
42643
42645
42659
42665
42673
42687
42693
42698
42702
42703
42716
42736
42765
42774
42782
42809
42816
4283
42862
42884
42889
42892
42898
42911
42931
42944
42961
42974
430
43043
43044
43064
43072
43078
43098
43109
43115
43120
43129
43146
43148
4315
43151
43168
43180
43224
43226
43232
43238
43242
43253
43268
43269
43288
43295
43305
43310
43334
43337
43351
43402
4341
43418
43440
43467
43484
43505
43533
43553
43568
43586
43588
4361
43674
43687
4369
43705
4372
43721
4373
43756
43757
43843
4386
43864
43901
43921
43951
43964
43968
43972
44054
44075
44078
4408
44084
4410
4412
44122
44132
44137
44312
44330
4434
44412
44437
44466
44507
44516
44524
44537
4455
44585
4467
44672
44686
44687
44704
44711
44732
44736
44784
44799
44827
44846
4486
44865
44872
44900
44903
44925
44926
44938
44959
44968
44990
45014
45019
4502
45048
45050
45084
4512
45131
45138
4519
45194
45195
452
45208
45232
45236
45260
45291
453
45330
45334
45365
4538
4539
45417
45420
45427
45444
4545
45460
4549
4551
45517
45520
45552
4556
45579
45587
45610
4562
45639
45654
45680
45687
45693
45699
45724
4574
45762
4577
45814
45823
45864
45898
45909
45912
45913
4593
4598
45999
46000
4603
46034
46062
46085
46123
46152
46167
46187
46199
46243
4631
46330
46342
46349
46356
46357
46372
46404
46451
4646
46463
4647
46478
4648
46484
46491
46506
46521
46545
46547
46548
4657
46571
46573
46579
46584
46615
46616
46622
46636
46637
46646
4665
46719
46726
46734
46743
46748
46749
46757
46849
46854
46867
4691
46915
46936
46950
4701
47032
47042
47051
47056
47058
47089
47115
47121
47127
47140
47142
47162
4720
47203
47223
47233
47238
47260
47279
47282
4729
47299
47307
47328
47348
47372
47376
47386
47387
474
47402
47412
47443
47479
47483
47485
47494
47503
47511
47521
47538
47540
47542
47557
47564
4758
47588
47605
4761
47613
47616
47655
47656
47663
47674
47712
47716
47717
47724
47804
47807
47828
47849
47851
47856
47869
47875
47878
47896
47914
47916
47917
47961
47964
47970
47973
47982
47999
48
48010
48017
48019
48047
4806
48076
48085
48087
48097
4811
48111
48115
48138
48179
48180
48185
48202
48226
48233
48242
48286
48289
48308
48313
48375
48382
48387
48406
48415
48432
48436
48439
48445
48448
48458
48464
48467
48507
48510
48519
48525
4854
48549
48555
48583
4859
48590
48606
48616
48624
48625
48630
48647
48657
48676
48694
48766
48786
4879
488
48813
48819
48843
4885
48850
48859
48923
4894
48941
48942
48950
48978
48991
4900
49008
49020
49021
49035
49062
49067
49077
49078
49092
4910
49135
49161
49164
49166
49180
4919
49194
4926
49262
49279
49284
49286
49314
49323
49340
49348
49370
49400
49403
4942
49426
49468
49476
49487
4949
49500
49509
49525
49547
49563
49568
49590
49593
49607
49613
49615
49626
49643
49652
49661
49682
49684
49703
49724
49726
49730
49741
49746
49770
49772
49778
49783
49788
49801
49812
49815
49817
49818
49835
49836
4984
49840
4986
49860
49866
49867
49872
49875
49878
49880
49881
49889
49892
49911
49919
49926
49927
49936
49940
49944
4995
49966
49985
49992
50006
50008
50009
50025
50041
50050
50066
50120
50125
50129
5013
50134
50142
50146
50147
50172
50179
50188
50202
50203
50204
50242
50243
50247
50250
50254
50261
50292
50320
5033
50334
50344
50356
50364
50369
50378
50379
50387
50389
50401
50425
50428
5044
50442
50446
50469
50544
50547
50548
50554
50568
50576
50580
50597
50608
50618
50625
50631
50660
50669
50671
50677
50679
50680
50690
50705
50761
50798
50807
50816
50824
50828
50838
50860
50871
50882
50885
50917
50933
50935
50936
50954
50960
50964
51016
51019
51032
51040
51049
51065
51073
51091
51096
51103
51106
51110
51113
51123
51130
51137
51154
51156
51197
51203
5121
51226
5124
51251
51262
51286
51303
51310
51343
51361
51379
51414
51418
51434
51443
5146
51460
51479
51483
51491
51495
5150
51500
51512
51525
51528
51532
51534
51535
51540
51553
51573
51590
51597
51617
5166
51667
51692
51699
51709
51714
51719
51726
51731
51744
51748
51759
51761
51765
51779
51811
51829
51834
51836
51839
51843
51847
51866
51884
51889
51903
51910
5194
51948
5195
51951
51952
51957
51980
5199
51996
52060
52064
52102
52107
52124
52131
52139
52140
52147
52151
52183
52199
52209
52210
52245
5225
52286
52312
52325
52330
52335
52337
52344
52362
52389
52397
52402
52407
52414
52435
52448
52478
52501
52508
52509
52510
52512
52522
52530
52533
52547
52567
52571
52586
52615
52620
52634
52645
52675
52680
52685
52696
52712
52714
52721
52726
52754
5276
52771
52812
52815
52839
52842
52852
52871
52877
5290
52907
52920
52938
52942
52943
52958
52971
52984
5299
53001
53014
53032
53040
53044
53067
53068
53075
53083
53090
53102
53103
53117
53119
53135
53136
53138
5317
53173
53185
53191
53195
53199
53208
53222
53248
53302
53307
5331
53321
53330
53332
53343
53347
53371
53375
53385
53408
53412
53425
53426
53427
53453
53459
53478
53485
53509
53512
53514
53539
53545
53563
53565
53595
5360
53614
53616
53636
53642
53646
53653
53667
53668
53672
5368
53706
53711
53714
53717
53735
53769
5378
53781
53784
53787
53788
53792
53797
53807
53818
53833
53845
53868
53871
53878
53885
53900
53918
53949
53958
53963
53975
540
54005
5401
54052
54065
54067
54084
54099
54102
54114
54119
54131
54133
54138
54146
54147
54164
54168
54180
54185
54224
54249
54258
54259
54264
54269
54272
54292
54298
54299
54301
54310
54312
54320
54324
54327
54330
54333
54349
54358
54363
54364
54396
544
54414
5442
54420
54425
54430
54490
54510
54545
54576
54578
54592
54607
54643
54648
5466
54684
54697
54709
54712
54713
5472
54728
54729
54741
54743
54780
54798
54812
54816
54839
54840
54843
54849
54856
54861
54876
54972
54975
54999
55003
55004
55020
55026
55027
55033
55048
55052
55059
55074
5508
55080
55086
55090
55099
55108
55117
55122
55124
55136
55137
55139
55147
55162
55172
55190
55197
55218
55222
55234
55244
55286
55289
55330
55332
55334
55340
55342
55354
55355
55365
5537
55385
55402
55405
55413
55419
55424
55428
55432
55433
55440
55451
55458
55462
55466
5548
55498
55500
55501
55508
55511
55512
55520
55523
55539
55542
55549
55566
55570
55580
55583
55587
55601
55604
55608
55619
55647
55658
55677
55696
5570
55703
55719
55721
55757
55767
5577
55908
55931
55938
55955
55974
55986
56007
56035
56036
56042
56053
5607
56087
56109
56140
56148
56167
56172
56173
56174
56178
56180
56185
56186
56188
5620
56209
56211
56215
56219
56230
56276
56282
5629
56308
56328
56336
56338
56346
5637
56376
5639
56396
56397
56423
56451
56466
56471
56492
56515
56524
56540
56550
56555
56564
56567
5657
56599
56605
56622
56627
56629
56644
56673
56676
5668
56684
56685
56686
56699
56708
56714
56719
5672
56723
56725
56727
56742
56757
56760
56764
56766
5677
56779
5679
56793
56803
56808
56830
56831
56848
56857
56858
56867
56876
56890
56899
5693
56957
56960
56962
56964
56972
56989
57001
57028
57070
57098
571
57102
57116
57117
57123
57156
57164
57197
572
57201
5725
5728
57291
57299
57312
57318
57350
57357
57362
57380
57386
57394
57396
57403
57428
57429
57447
57495
57510
57515
57521
57525
57536
57542
57549
57566
57607
57632
57633
5764
57654
57663
57664
57673
57675
57687
5770
57707
57710
57726
57729
57734
57737
57758
57759
5777
57770
57816
5782
57821
57822
57830
57845
57846
57881
57882
5792
57920
57928
57933
57936
57937
57966
57973
57989
57998
58019
58044
58046
58054
58058
58059
58060
58065
58066
58067
58074
58080
58087
58099
58108
58114
58122
58139
58146
58154
58156
58175
58177
58194
58208
58222
58230
58234
5825
58262
58266
5827
58300
58305
58328
58332
5834
5835
5836
5843
5846
5888
5904
5937
5969
5970
5981
5993
6008
6014
6016
6017
6030
6069
6086
6088
6099
6116
6147
6167
6182
6183
6196
6198
625
6254
6264
6265
6310
6333
6368
6376
6382
6389
6390
6429
6458
6496
6509
6524
6531
6540
6544
6550
6561
6592
6596
6630
6693
6699
6707
6729
6751
6769
6770
6794
6796
6807
6832
6840
6841
6843
6849
6855
6863
6878
6879
6890
6907
6928
6938
6951
6955
6985
6994
7025
7030
7045
7081
7090
7105
7116
7139
7143
717
7173
7190
7195
7203
7229
7249
7253
7258
7261
7277
7301
7304
7338
7352
7358
7365
7415
7416
7427
7431
7475
7482
7492
7497
7505
7508
7525
7526
7558
7574
7595
7621
7624
7630
7635
7643
7666
7667
7669
7679
7686
771
7717
7728
7766
7781
7797
78
7804
781
785
7856
787
7888
79
7941
7943
7975
7979
8010
8065
8071
808
8097
8110
8117
8152
8154
8163
8180
8183
82
820
8203
8210
8213
823
8252
8254
8270
8289
8331
8378
8380
8383
8386
8387
8393
8394
8415
8417
8433
8497
8500
8503
8505
8521
8523
8538
8629
8670
8674
8675
8688
8702
8710
8722
8736
8739
8770
8812
8822
8830
8837
8839
8843
8848
8849
8863
8876
8878
889
8911
8913
8922
9021
9029
9047
9059
9074
9083
9085
911
9115
9121
9130
9140
9159
9164
9223
9228
9234
9262
9278
9288
9296
9299
9321
9333
9342
9353
9355
9367
9394
9408
9412
9416
942
9425
9432
9433
9443
9454
9467
9473
948
9481
949
95
9504
9516
9521
9545
9558
9567
960
9602
9605
9608
9619
9652
9660
9673
9675
968
9688
9689
9694
9711
972
9733
9736
9753
9779
9785
9791
9802
9806
9813
9828
9853
9866
9885
9909
9936
9950
9954
996
9966
9974
9975
